-0.08240
-0.08334
-0.08419
-0.08496
-0.08583
-0.08670
-0.08766
-0.08866
-0.08969
-0.09079
-0.09195
-0.09316
-0.09441
-0.09571
-0.09702
-0.09830
-0.09957
-0.10090
-0.10222
-0.10349
-0.10478
-0.10605
-0.10739
-0.10872
-0.11006
-0.11143
-0.11290
-0.11439
-0.11584
-0.11745
-0.11923
-0.12121
-0.12338
-0.12570
-0.12813
-0.13070
-0.13349
-0.13636
-0.13925
-0.14235
-0.14564
-0.14916
-0.15277
-0.15647
-0.16048
-0.16426
-0.16807
-0.17211
-0.17590
-0.17986
-0.18346
-0.18707
-0.19099
-0.19494
-0.19921
-0.20376
-0.20786
-0.21184
-0.21602
-0.22019
-0.22443
-0.22899
-0.23384
-0.23905
-0.24428
-0.25009
-0.25578
-0.26156
-0.26703
-0.27245
-0.27770
-0.28321
-0.28888
-0.29487
-0.30026
-0.30610
-0.31246
-0.31958
-0.32683
-0.33385
-0.34076
-0.34745
-0.35398
-0.35999
-0.36552
-0.37103
-0.37620
-0.38092
-0.38581
-0.39093
-0.39629
-0.40153
-0.40658
-0.41172
-0.41685
-0.42203
-0.42704
-0.43142
-0.43551
-0.43904
-0.44211
-0.44501
-0.44779
-0.45002
-0.45144
-0.45216
-0.45257
-0.45285
-0.45301
-0.45325
-0.45335
-0.45354
-0.45361
-0.45373
-0.45381
-0.45391
